average:4589.015144
stddev:2680.286090
5th:2787
95th:8569
sum:9090839
min:763
max:31497
delta:30734
